shape_id,shape_pt_lat,shape_pt_lon,shape_pt_sequence
shape-0,27.7182038,85.3121379,0
shape-0,27.7178389,85.3132160,1
shape-0,27.7178389,85.3132160,2
shape-0,27.7176746,85.3137117,3
shape-0,27.7173801,85.3148107,4
shape-0,27.7173801,85.3148107,5
shape-0,27.7172096,85.3154512,6
shape-0,27.7171103,85.3158242,7
shape-0,27.7170479,85.3160463,8
shape-0,27.7137405,85.3154212,9
shape-0,27.7145642,85.3155769,10
shape-0,27.7170479,85.3160463,11
shape-0,27.7115275,85.3150203,12
shape-0,27.7126320,85.3152198,13
shape-0,27.7137405,85.3154212,14
shape-0,27.7100354,85.3148074,15
shape-0,27.7103118,85.3148393,16
shape-0,27.7106227,85.3148842,17
shape-0,27.7109215,85.3149271,18
shape-0,27.7115275,85.3150203,19
shape-0,27.7089122,85.3146069,20
shape-0,27.7096742,85.3147384,21
shape-0,27.7100354,85.3148074,22
shape-0,27.7087514,85.3146266,23
shape-0,27.7089122,85.3146069,24
shape-0,27.7087514,85.3146266,25
shape-0,27.7087458,85.3148275,26
shape-0,27.7087676,85.3150363,27
shape-0,27.7088290,85.3152920,28
shape-0,27.7088290,85.3152920,29
shape-0,27.7089968,85.3158909,30
shape-0,27.7092315,85.3165430,31
shape-0,27.7093062,85.3167379,32
shape-0,27.7093062,85.3167379,33
shape-0,27.7093126,85.3168245,34
shape-0,27.7093039,85.3169219,35
shape-0,27.7092823,85.3169850,36
shape-0,27.7092372,85.3170343,37
shape-0,27.7091737,85.3170795,38
shape-0,27.7090647,85.3171041,39
shape-0,27.7090647,85.3171041,40
shape-0,27.7081002,85.3168181,41
shape-0,27.7081002,85.3168181,42
shape-0,27.7080425,85.3171161,43
shape-0,27.7080425,85.3171161,44
shape-0,27.7080267,85.3175553,45
shape-0,27.7080508,85.3179796,46
shape-0,27.7080655,85.3181818,47
shape-0,27.7080261,85.3186588,48
shape-0,27.7080024,85.3190296,49
shape-0,27.7080022,85.3191418,50
shape-0,27.7080005,85.3199425,51
shape-0,27.7079870,85.3205974,52
shape-0,27.7079971,85.3212825,53
shape-0,27.7079971,85.3212825,54
shape-0,27.7080033,85.3218553,55
shape-0,27.7080033,85.3218553,56
shape-0,27.7081802,85.3218606,57
shape-0,27.7097482,85.3220986,58
shape-0,27.7097482,85.3220986,59
shape-0,27.7103344,85.3222246,60
shape-0,27.7103344,85.3222246,61
shape-0,27.7103235,85.3222860,62
shape-0,27.7103235,85.3222860,63
shape-0,27.7102958,85.3226936,64
shape-0,27.7102533,85.3231239,65
shape-0,27.7101694,85.3245083,66
shape-0,27.7101252,85.3250290,67
shape-0,27.7100108,85.3260330,68
shape-0,27.7099528,85.3262248,69
shape-0,27.7099528,85.3262248,70
shape-0,27.7097907,85.3270373,71
shape-0,27.7097907,85.3270373,72
shape-0,27.7095684,85.3278685,73
shape-0,27.7095684,85.3278685,74
shape-0,27.7093301,85.3288569,75
shape-0,27.7091263,85.3297726,76
shape-0,27.7090870,85.3298996,77
shape-0,27.7090135,85.3302767,78
shape-0,27.7089243,85.3306445,79
shape-0,27.7088912,85.3307985,80
shape-0,27.7087125,85.3314973,81
shape-0,27.7086742,85.3318478,82
shape-0,27.7086742,85.3318478,83
shape-0,27.7086640,85.3319235,84
shape-0,27.7086640,85.3319235,85
shape-0,27.7086895,85.3319884,86
shape-0,27.7086202,85.3322330,87
shape-0,27.7084671,85.3327343,88
shape-0,27.7084226,85.3328990,89
shape-0,27.7083656,85.3330730,90
shape-0,27.7083006,85.3332857,91
shape-0,27.7083049,85.3333750,92
shape-0,27.7083049,85.3333750,93
shape-0,27.7080952,85.3334230,94
shape-0,27.7076775,85.3334005,95
shape-0,27.7073816,85.3334246,96
shape-0,27.7071767,85.3334611,97
shape-0,27.7070387,85.3335104,98
shape-0,27.7069198,85.3334950,99
shape-0,27.7066754,85.3336036,100
shape-0,27.7064123,85.3337332,101
shape-0,27.7064123,85.3337332,102
shape-0,27.7062309,85.3338198,103
shape-0,27.7061190,85.3338136,104
shape-0,27.7060400,85.3337876,105
shape-0,27.7059416,85.3337709,106
shape-0,27.7057641,85.3336784,107
shape-0,27.7056628,85.3336255,108
shape-0,27.7056156,85.3336015,109
shape-0,27.7054501,85.3335147,110
shape-0,27.7051962,85.3333517,111
shape-0,27.7039433,85.3326747,112
shape-0,27.7029808,85.3357823,113
shape-0,27.7030157,85.3356906,114
shape-0,27.7030395,85.3356130,115
shape-0,27.7034904,85.3342267,116
shape-0,27.7035469,85.3339594,117
shape-0,27.7037170,85.3334115,118
shape-0,27.7039436,85.3326817,119
shape-0,27.7039433,85.3326747,120
shape-0,27.7028641,85.3363216,121
shape-0,27.7029808,85.3357823,122
shape-0,27.7028240,85.3364012,123
shape-0,27.7028641,85.3363216,124
shape-0,27.7015492,85.3401296,125
shape-0,27.7019531,85.3392096,126
shape-0,27.7021514,85.3385996,127
shape-0,27.7021738,85.3385004,128
shape-0,27.7024282,85.3377291,129
shape-0,27.7026552,85.3368783,130
shape-0,27.7026747,85.3368176,131
shape-0,27.7028240,85.3364012,132
shape-0,27.7015201,85.3402035,133
shape-0,27.7015207,85.3402047,134
shape-0,27.7015492,85.3401296,135
shape-0,27.7015201,85.3402035,136
shape-0,27.7012804,85.3408769,137
shape-0,27.7010661,85.3414358,138
shape-0,27.7009743,85.3417539,139
shape-0,27.7003775,85.3432561,140
shape-0,27.7003775,85.3432561,141
shape-0,27.7003305,85.3433400,142
shape-0,27.7002295,85.3436524,143
shape-0,27.7000863,85.3440448,144
shape-0,27.7000438,85.3441411,145
shape-0,27.6999358,85.3442442,146
shape-0,27.6998968,85.3442933,147
shape-0,27.6997657,85.3445117,148
shape-0,27.6996933,85.3446150,149
shape-0,27.6995883,85.3447647,150
shape-0,27.6995331,85.3448772,151
shape-0,27.6994296,85.3450879,152
shape-0,27.6993821,85.3453462,153
shape-0,27.6993741,85.3453899,154
shape-0,27.6993525,85.3455313,155
shape-0,27.6993344,85.3456501,156
shape-0,27.6993236,85.3457386,157
shape-0,27.6992395,85.3461229,158
shape-0,27.6992395,85.3461229,159
shape-0,27.6992596,85.3463785,160
shape-0,27.6994286,85.3467039,161
shape-0,27.6995278,85.3468470,162
shape-0,27.6995783,85.3469898,163
shape-0,27.6995783,85.3469898,164
shape-0,27.6995520,85.3470506,165
shape-0,27.6995520,85.3470506,166
shape-0,27.6995113,85.3471445,167
shape-0,27.6994052,85.3472924,168
shape-0,27.6993470,85.3473729,169
shape-0,27.6993150,85.3473839,170
shape-0,27.6993150,85.3473839,171
shape-0,27.6992615,85.3474024,172
shape-0,27.6992615,85.3474024,173
shape-0,27.6992366,85.3473930,174
shape-0,27.6991855,85.3474211,175
shape-0,27.6989046,85.3478461,176
shape-0,27.6986671,85.3482406,177
shape-0,27.6985687,85.3483866,178
shape-0,27.6984315,85.3485208,179
shape-0,27.6984315,85.3485208,180
shape-0,27.6982410,85.3488930,181
shape-0,27.6980275,85.3492286,182
shape-0,27.6979024,85.3494011,183
shape-0,27.6978290,85.3495024,184
shape-0,27.6976936,85.3497618,185
shape-0,27.6974768,85.3501102,186
shape-0,27.6971828,85.3505724,187
shape-0,27.6969668,85.3508956,188
shape-0,27.6968488,85.3510723,189
shape-0,27.6964715,85.3516646,190
shape-0,27.6963317,85.3518893,191
shape-0,27.6961086,85.3522479,192
shape-0,27.6958336,85.3527914,193
shape-0,27.6958336,85.3527914,194
shape-0,27.6956574,85.3532060,195
shape-0,27.6956574,85.3532060,196
shape-0,27.6956166,85.3535303,197
shape-0,27.6954736,85.3539930,198
shape-0,27.6953615,85.3543790,199
shape-0,27.6952641,85.3550236,200
shape-0,27.6952641,85.3550236,201
shape-0,27.6943022,85.3545739,202
shape-0,27.6942288,85.3545309,203
shape-0,27.6942288,85.3545309,204
shape-0,27.6935037,85.3541056,205
shape-0,27.6928508,85.3537322,206
shape-0,27.6924250,85.3534887,207
shape-0,27.6913153,85.3528677,208
shape-0,27.6908713,85.3526137,209
shape-0,27.6906290,85.3524768,210
shape-0,27.6889130,85.3514969,211
shape-0,27.6872755,85.3505597,212
shape-0,27.6872755,85.3505597,213
shape-0,27.6859316,85.3497883,214
shape-0,27.6854807,85.3495946,215
shape-0,27.6850087,85.3494457,216
shape-0,27.6844890,85.3494139,217
shape-0,27.6841618,85.3494121,218
shape-0,27.6827270,85.3494921,219
shape-0,27.6834848,85.3494144,220
shape-0,27.6841618,85.3494121,221
shape-0,27.6788418,85.3496516,222
shape-0,27.6804912,85.3495149,223
shape-0,27.6805030,85.3495140,224
shape-0,27.6816369,85.3494547,225
shape-0,27.6822301,85.3494369,226
shape-0,27.6825773,85.3494755,227
shape-0,27.6827270,85.3494921,228
shape-1,27.7036535,85.3165165,0
shape-1,27.7038495,85.3164188,1
shape-1,27.7044566,85.3163736,2
shape-1,27.7060230,85.3162570,3
shape-1,27.7062756,85.3162943,4
shape-1,27.7081002,85.3168181,5
shape-1,27.7067550,85.3164394,6
shape-1,27.7062756,85.3162943,7
shape-1,27.7090647,85.3171041,8
shape-1,27.7081002,85.3168181,9
shape-1,27.7099332,85.3174733,10
shape-1,27.7097855,85.3173343,11
shape-1,27.7097028,85.3172969,12
shape-1,27.7094910,85.3172012,13
shape-1,27.7092720,85.3171696,14
shape-1,27.7090647,85.3171041,15
shape-1,27.7099332,85.3174733,16
shape-1,27.7099010,85.3176891,17
shape-1,27.7099752,85.3178868,18
shape-1,27.7099915,85.3179810,19
shape-1,27.7099998,85.3180794,20
shape-1,27.7099754,85.3182668,21
shape-1,27.7099740,85.3183585,22
shape-1,27.7099978,85.3187919,23
shape-1,27.7100283,85.3190033,24
shape-1,27.7100809,85.3193683,25
shape-1,27.7100239,85.3198671,26
shape-1,27.7099911,85.3200732,27
shape-1,27.7099911,85.3200732,28
shape-1,27.7099550,85.3203228,29
shape-1,27.7098876,85.3208198,30
shape-1,27.7098237,85.3214372,31
shape-1,27.7097848,85.3217461,32
shape-1,27.7097482,85.3220986,33
shape-1,27.7080033,85.3218553,34
shape-1,27.7081802,85.3218606,35
shape-1,27.7097482,85.3220986,36
shape-1,27.7067357,85.3228367,37
shape-1,27.7070143,85.3227278,38
shape-1,27.7071917,85.3225926,39
shape-1,27.7079261,85.3219398,40
shape-1,27.7080033,85.3218553,41
shape-1,27.7056552,85.3228727,42
shape-1,27.7066627,85.3228502,43
shape-1,27.7067357,85.3228367,44
shape-1,27.7053698,85.3267594,45
shape-1,27.7053774,85.3263158,46
shape-1,27.7054928,85.3256224,47
shape-1,27.7055283,85.3252960,48
shape-1,27.7055417,85.3251539,49
shape-1,27.7056112,85.3246593,50
shape-1,27.7056453,85.3242435,51
shape-1,27.7056552,85.3228727,52
shape-1,27.7039433,85.3326747,53
shape-1,27.7045243,85.3307640,54
shape-1,27.7045493,85.3306820,55
shape-1,27.7046429,85.3304054,56
shape-1,27.7050134,85.3291551,57
shape-1,27.7050493,85.3289482,58
shape-1,27.7050881,85.3287579,59
shape-1,27.7051114,85.3286566,60
shape-1,27.7051417,85.3285429,61
shape-1,27.7053517,85.3278854,62
shape-1,27.7054028,85.3275600,63
shape-1,27.7053698,85.3267594,64
shape-1,27.7029808,85.3357823,65
shape-1,27.7030157,85.3356906,66
shape-1,27.7030395,85.3356130,67
shape-1,27.7034904,85.3342267,68
shape-1,27.7035469,85.3339594,69
shape-1,27.7037170,85.3334115,70
shape-1,27.7039436,85.3326817,71
shape-1,27.7039433,85.3326747,72
shape-1,27.7028641,85.3363216,73
shape-1,27.7029808,85.3357823,74
shape-1,27.7028240,85.3364012,75
shape-1,27.7028641,85.3363216,76
shape-1,27.7015492,85.3401296,77
shape-1,27.7019531,85.3392096,78
shape-1,27.7021514,85.3385996,79
shape-1,27.7021738,85.3385004,80
shape-1,27.7024282,85.3377291,81
shape-1,27.7026552,85.3368783,82
shape-1,27.7026747,85.3368176,83
shape-1,27.7028240,85.3364012,84
shape-1,27.7015201,85.3402035,85
shape-1,27.7015207,85.3402047,86
shape-1,27.7015492,85.3401296,87
shape-1,27.7015201,85.3402035,88
shape-1,27.7012804,85.3408769,89
shape-1,27.7010661,85.3414358,90
shape-1,27.7009743,85.3417539,91
shape-1,27.7003775,85.3432561,92
shape-1,27.7003775,85.3432561,93
shape-1,27.7003305,85.3433400,94
shape-1,27.7002295,85.3436524,95
shape-1,27.7000863,85.3440448,96
shape-1,27.7000438,85.3441411,97
shape-1,27.6999358,85.3442442,98
shape-1,27.6998968,85.3442933,99
shape-1,27.6997657,85.3445117,100
shape-1,27.6996933,85.3446150,101
shape-1,27.6995883,85.3447647,102
shape-1,27.6995331,85.3448772,103
shape-1,27.6994296,85.3450879,104
shape-1,27.6993821,85.3453462,105
shape-1,27.6993741,85.3453899,106
shape-1,27.6993525,85.3455313,107
shape-1,27.6993344,85.3456501,108
shape-1,27.6993236,85.3457386,109
shape-1,27.6992395,85.3461229,110
shape-1,27.6992395,85.3461229,111
shape-1,27.6992596,85.3463785,112
shape-1,27.6994286,85.3467039,113
shape-1,27.6995278,85.3468470,114
shape-1,27.6995783,85.3469898,115
shape-1,27.6995783,85.3469898,116
shape-1,27.6995520,85.3470506,117
shape-1,27.6995520,85.3470506,118
shape-1,27.6995113,85.3471445,119
shape-1,27.6994052,85.3472924,120
shape-1,27.6993470,85.3473729,121
shape-1,27.6993150,85.3473839,122
shape-1,27.6993150,85.3473839,123
shape-1,27.6992615,85.3474024,124
shape-1,27.6992615,85.3474024,125
shape-1,27.6992366,85.3473930,126
shape-1,27.6991855,85.3474211,127
shape-1,27.6989046,85.3478461,128
shape-1,27.6986671,85.3482406,129
shape-1,27.6985687,85.3483866,130
shape-1,27.6984315,85.3485208,131
shape-1,27.6984315,85.3485208,132
shape-1,27.6982410,85.3488930,133
shape-1,27.6980275,85.3492286,134
shape-1,27.6979024,85.3494011,135
shape-1,27.6978290,85.3495024,136
shape-1,27.6976936,85.3497618,137
shape-1,27.6974768,85.3501102,138
shape-1,27.6971828,85.3505724,139
shape-1,27.6969668,85.3508956,140
shape-1,27.6968488,85.3510723,141
shape-1,27.6964715,85.3516646,142
shape-1,27.6963317,85.3518893,143
shape-1,27.6961086,85.3522479,144
shape-1,27.6958336,85.3527914,145
shape-1,27.6958336,85.3527914,146
shape-1,27.6956574,85.3532060,147
shape-1,27.6956574,85.3532060,148
shape-1,27.6956166,85.3535303,149
shape-1,27.6954736,85.3539930,150
shape-1,27.6953615,85.3543790,151
shape-1,27.6952641,85.3550236,152
shape-1,27.6952641,85.3550236,153
shape-1,27.6943022,85.3545739,154
shape-1,27.6942288,85.3545309,155
shape-1,27.6942288,85.3545309,156
shape-1,27.6935037,85.3541056,157
shape-1,27.6928508,85.3537322,158
shape-1,27.6924250,85.3534887,159
shape-1,27.6913153,85.3528677,160
shape-1,27.6908713,85.3526137,161
shape-1,27.6906290,85.3524768,162
shape-1,27.6889130,85.3514969,163
shape-1,27.6872755,85.3505597,164
shape-1,27.6872755,85.3505597,165
shape-1,27.6859316,85.3497883,166
shape-1,27.6854807,85.3495946,167
shape-1,27.6850087,85.3494457,168
shape-1,27.6844890,85.3494139,169
shape-1,27.6841618,85.3494121,170
shape-1,27.6827270,85.3494921,171
shape-1,27.6834848,85.3494144,172
shape-1,27.6841618,85.3494121,173
shape-1,27.6788418,85.3496516,174
shape-1,27.6804912,85.3495149,175
shape-1,27.6805030,85.3495140,176
shape-1,27.6816369,85.3494547,177
shape-1,27.6822301,85.3494369,178
shape-1,27.6825773,85.3494755,179
shape-1,27.6827270,85.3494921,180
shape-2,27.6666661,85.3321608,0
shape-2,27.6668183,85.3319371,1
shape-2,27.6668183,85.3319371,2
shape-2,27.6670692,85.3315198,3
shape-2,27.6671680,85.3313659,4
shape-2,27.6672779,85.3312768,5
shape-2,27.6673799,85.3311975,6
shape-2,27.6676948,85.3309012,7
shape-2,27.6676948,85.3309012,8
shape-2,27.6678069,85.3308216,9
shape-2,27.6680416,85.3305866,10
shape-2,27.6683514,85.3302768,11
shape-2,27.6685413,85.3299934,12
shape-2,27.6686312,85.3298476,13
shape-2,27.6690298,85.3292305,14
shape-2,27.6694062,85.3286784,15
shape-2,27.6697031,85.3282135,16
shape-2,27.6698739,85.3280478,17
shape-2,27.6701912,85.3275930,18
shape-2,27.6704790,85.3272192,19
shape-2,27.6706736,85.3269880,20
shape-2,27.6708632,85.3267627,21
shape-2,27.6709102,85.3267069,22
shape-2,27.6713157,85.3263157,23
shape-2,27.6715511,85.3260613,24
shape-2,27.6718129,85.3257783,25
shape-2,27.6720455,85.3255408,26
shape-2,27.6722912,85.3253306,27
shape-2,27.6724408,85.3251352,28
shape-2,27.6726408,85.3249900,29
shape-2,27.6726408,85.3249900,30
shape-2,27.6727313,85.3249240,31
shape-2,27.6730031,85.3245541,32
shape-2,27.6732423,85.3242020,33
shape-2,27.6734517,85.3239517,34
shape-2,27.6735497,85.3238901,35
shape-2,27.6742970,85.3210465,36
shape-2,27.6740602,85.3216693,37
shape-2,27.6740409,85.3217201,38
shape-2,27.6739418,85.3221781,39
shape-2,27.6738021,85.3228965,40
shape-2,27.6737941,85.3229145,41
shape-2,27.6737587,85.3232440,42
shape-2,27.6736387,85.3236539,43
shape-2,27.6735497,85.3238901,44
shape-2,27.6743469,85.3209051,45
shape-2,27.6742970,85.3210465,46
shape-2,27.6752576,85.3192850,47
shape-2,27.6749666,85.3196539,48
shape-2,27.6749137,85.3197239,49
shape-2,27.6746980,85.3200097,50
shape-2,27.6744830,85.3205084,51
shape-2,27.6743741,85.3208273,52
shape-2,27.6743469,85.3209051,53
shape-2,27.6760652,85.3182015,54
shape-2,27.6758123,85.3185924,55
shape-2,27.6756332,85.3188164,56
shape-2,27.6755301,85.3189416,57
shape-2,27.6752576,85.3192850,58
shape-2,27.6770319,85.3165973,59
shape-2,27.6769030,85.3167729,60
shape-2,27.6767470,85.3171316,61
shape-2,27.6766054,85.3173939,62
shape-2,27.6760652,85.3182015,63
shape-2,27.6773981,85.3163285,64
shape-2,27.6772182,85.3164091,65
shape-2,27.6770902,85.3165350,66
shape-2,27.6770319,85.3165973,67
shape-2,27.6773981,85.3163285,68
shape-2,27.6778902,85.3163378,69
shape-2,27.6780952,85.3164183,70
shape-2,27.6780952,85.3164183,71
shape-2,27.6784526,85.3165650,72
shape-2,27.6790552,85.3168235,73
shape-2,27.6801287,85.3172201,74
shape-2,27.6803416,85.3173055,75
shape-2,27.6804668,85.3173646,76
shape-2,27.6813607,85.3177266,77
shape-2,27.6819786,85.3179852,78
shape-2,27.6823855,85.3181735,79
shape-2,27.6828744,85.3185835,80
shape-2,27.6831367,85.3187139,81
shape-2,27.6836728,85.3187221,82
shape-2,27.6836728,85.3187221,83
shape-2,27.6844239,85.3186891,84
shape-2,27.6846998,85.3186383,85
shape-2,27.6849628,85.3185363,86
shape-2,27.6851518,85.3184032,87
shape-2,27.6853780,85.3182309,88
shape-2,27.6855933,85.3181062,89
shape-2,27.6855933,85.3181062,90
shape-2,27.6861652,85.3177130,91
shape-2,27.6868488,85.3172480,92
shape-2,27.6868488,85.3172480,93
shape-2,27.6874721,85.3168542,94
shape-2,27.6877317,85.3166504,95
shape-2,27.6877908,85.3165527,96
shape-2,27.6878897,85.3163955,97
shape-2,27.6880045,85.3162481,98
shape-2,27.6880045,85.3162481,99
shape-2,27.6880765,85.3162256,100
shape-2,27.6880765,85.3162256,101
shape-2,27.6882845,85.3161840,102
shape-2,27.6884830,85.3161580,103
shape-2,27.6886545,85.3162379,104
shape-2,27.6888063,85.3163932,105
shape-2,27.6888063,85.3163932,106
shape-2,27.6899793,85.3174133,107
shape-2,27.6899793,85.3174133,108
shape-2,27.6902465,85.3176013,109
shape-2,27.6904897,85.3176659,110
shape-2,27.6906683,85.3177102,111
shape-2,27.6907557,85.3177237,112
shape-2,27.6907557,85.3177237,113
shape-2,27.6910426,85.3176570,114
shape-2,27.6910426,85.3176570,115
shape-2,27.6916119,85.3179399,116
shape-2,27.6917671,85.3180161,117
shape-2,27.6917671,85.3180161,118
shape-2,27.6918726,85.3180622,119
shape-2,27.6922222,85.3182148,120
shape-2,27.6922934,85.3182498,121
shape-2,27.6931394,85.3186652,122
shape-2,27.6934759,85.3188390,123
shape-2,27.6936362,85.3189605,124
shape-2,27.6938576,85.3191139,125
shape-2,27.6941121,85.3193084,126
shape-2,27.6941121,85.3193084,127
shape-2,27.6942727,85.3194502,128
shape-2,27.6942727,85.3194502,129
shape-2,27.6944997,85.3197718,130
shape-2,27.6947577,85.3202267,131
shape-2,27.6947577,85.3202267,132
shape-2,27.6947918,85.3202811,133
shape-2,27.6949047,85.3204654,134
shape-2,27.6949047,85.3204654,135
shape-2,27.6951302,85.3208467,136
shape-2,27.6951302,85.3208467,137
shape-2,27.6952683,85.3208939,138
shape-2,27.6959126,85.3210236,139
shape-2,27.6966260,85.3211991,140
shape-2,27.6966260,85.3211991,141
shape-2,27.6972369,85.3213427,142
shape-2,27.6980669,85.3215128,143
shape-2,27.6981984,85.3215573,144
shape-2,27.6981984,85.3215573,145
shape-2,27.6983253,85.3215495,146
shape-2,27.6984283,85.3215496,147
shape-2,27.6984786,85.3215129,148
shape-2,27.6985119,85.3214606,149
shape-2,27.6985282,85.3213966,150
shape-2,27.6985680,85.3211452,151
shape-2,27.6987917,85.3199874,152
shape-2,27.6987917,85.3199874,153
shape-2,27.6988286,85.3197807,154
shape-2,27.6988286,85.3197807,155
shape-2,27.6990332,85.3188130,156
shape-2,27.6991375,85.3183070,157
shape-2,27.6991375,85.3183070,158
shape-2,27.6992268,85.3178464,159
shape-2,27.6992567,85.3176921,160
shape-2,27.6992567,85.3176921,161
shape-2,27.6992488,85.3176247,162
shape-2,27.6992135,85.3174983,163
shape-2,27.6990991,85.3171406,164
shape-2,27.6989657,85.3166707,165
shape-2,27.6989651,85.3165741,166
shape-2,27.6990117,85.3164962,167
shape-2,27.6990749,85.3164333,168
shape-2,27.6991865,85.3163964,169
shape-2,27.6992900,85.3163798,170
shape-2,27.6993704,85.3163237,171
shape-2,27.6994172,85.3162365,172
shape-2,27.6994172,85.3162365,173
shape-2,27.6995631,85.3152785,174
shape-2,27.6995631,85.3152785,175
shape-2,27.6996256,85.3152779,176
shape-2,27.6997162,85.3152612,177
shape-2,27.6997934,85.3151994,178
shape-2,27.6998388,85.3151205,179
shape-2,27.6998622,85.3150315,180
shape-2,27.6998630,85.3150098,181
shape-2,27.6998449,85.3149051,182
shape-2,27.6997934,85.3148202,183
shape-2,27.6997574,85.3147799,184
shape-2,27.6997186,85.3147572,185
shape-2,27.6997186,85.3147572,186
shape-2,27.6999131,85.3137887,187
shape-2,27.6999511,85.3136405,188
shape-2,27.6999831,85.3135576,189
shape-2,27.7000082,85.3134738,190
shape-2,27.7000082,85.3134738,191
shape-2,27.7005417,85.3135033,192
shape-2,27.7005417,85.3135033,193
shape-2,27.7011159,85.3135498,194
shape-2,27.7018334,85.3136021,195
shape-2,27.7022101,85.3136379,196
shape-2,27.7022101,85.3136379,197
shape-2,27.7030582,85.3137186,198
shape-2,27.7030582,85.3137186,199
shape-2,27.7034410,85.3137530,200
shape-2,27.7035708,85.3137657,201
shape-2,27.7038472,85.3137555,202
shape-2,27.7038472,85.3137555,203
shape-2,27.7040244,85.3136730,204
shape-2,27.7041410,85.3136507,205
shape-2,27.7042898,85.3137216,206
shape-2,27.7042898,85.3137216,207
shape-2,27.7044686,85.3138315,208
shape-2,27.7044686,85.3138315,209
shape-2,27.7045981,85.3138667,210
shape-2,27.7055235,85.3140396,211
shape-2,27.7057227,85.3140743,212
shape-2,27.7057227,85.3140743,213
shape-2,27.7066056,85.3142091,214
shape-2,27.7070874,85.3142657,215
shape-2,27.7070874,85.3142657,216
shape-2,27.7068728,85.3148430,217
shape-2,27.7067052,85.3152489,218
shape-3,27.7062756,85.3162943,0
shape-3,27.7064316,85.3159543,1
shape-3,27.7067052,85.3152489,2
shape-3,27.7036535,85.3165165,3
shape-3,27.7038495,85.3164188,4
shape-3,27.7044566,85.3163736,5
shape-3,27.7060230,85.3162570,6
shape-3,27.7062756,85.3162943,7
shape-3,27.7036535,85.3165165,8
shape-3,27.7035611,85.3165299,9
shape-3,27.7035172,85.3165334,10
shape-3,27.7031113,85.3165662,11
shape-3,27.7023663,85.3165849,12
shape-3,27.7023663,85.3165849,13
shape-3,27.6998966,85.3166581,14
shape-3,27.6998966,85.3166581,15
shape-3,27.6997555,85.3168257,16
shape-3,27.6996285,85.3170580,17
shape-3,27.6995304,85.3172800,18
shape-3,27.6994211,85.3175404,19
shape-3,27.6993518,85.3177129,20
shape-3,27.6993518,85.3177129,21
shape-3,27.6991619,85.3186414,22
shape-3,27.6990240,85.3193201,23
shape-3,27.6989274,85.3198030,24
shape-3,27.6989274,85.3198030,25
shape-3,27.6988835,85.3200224,26
shape-3,27.6988835,85.3200224,27
shape-3,27.6987456,85.3207628,28
shape-3,27.6986650,85.3212242,29
shape-3,27.6986259,85.3214357,30
shape-3,27.6986259,85.3214357,31
shape-3,27.6985842,85.3215313,32
shape-3,27.6985564,85.3215902,33
shape-3,27.6985366,85.3216297,34
shape-3,27.6985262,85.3216400,35
shape-3,27.6984873,85.3216556,36
shape-3,27.6984378,85.3216710,37
shape-3,27.6982230,85.3216372,38
shape-3,27.6984378,85.3216710,39
shape-3,27.6982230,85.3216372,40
shape-3,27.6980846,85.3216091,41
shape-3,27.6975097,85.3214739,42
shape-3,27.6965549,85.3212565,43
shape-3,27.6965549,85.3212565,44
shape-3,27.6960261,85.3211383,45
shape-3,27.6952797,85.3209599,46
shape-3,27.6951741,85.3209366,47
shape-3,27.6951741,85.3209366,48
shape-3,27.6950668,85.3209060,49
shape-3,27.6948568,85.3208435,50
shape-3,27.6947235,85.3207805,51
shape-3,27.6947235,85.3207805,52
shape-3,27.6945009,85.3207644,53
shape-3,27.6945009,85.3207644,54
shape-3,27.6943431,85.3206481,55
shape-3,27.6942673,85.3204817,56
shape-3,27.6942662,85.3203706,57
shape-3,27.6942643,85.3202991,58
shape-3,27.6942643,85.3202991,59
shape-3,27.6943438,85.3201653,60
shape-3,27.6943438,85.3201653,61
shape-3,27.6943747,85.3200729,62
shape-3,27.6944159,85.3199693,63
shape-3,27.6944275,85.3198639,64
shape-3,27.6943773,85.3196842,65
shape-3,27.6943306,85.3195794,66
shape-3,27.6942727,85.3194502,67
shape-3,27.6941121,85.3193084,68
shape-3,27.6942727,85.3194502,69
shape-3,27.6917671,85.3180161,70
shape-3,27.6918726,85.3180622,71
shape-3,27.6922222,85.3182148,72
shape-3,27.6922934,85.3182498,73
shape-3,27.6931394,85.3186652,74
shape-3,27.6934759,85.3188390,75
shape-3,27.6936362,85.3189605,76
shape-3,27.6938576,85.3191139,77
shape-3,27.6941121,85.3193084,78
shape-3,27.6910426,85.3176570,79
shape-3,27.6916119,85.3179399,80
shape-3,27.6917671,85.3180161,81
shape-3,27.6907557,85.3177237,82
shape-3,27.6910426,85.3176570,83
shape-3,27.6899793,85.3174133,84
shape-3,27.6902465,85.3176013,85
shape-3,27.6904897,85.3176659,86
shape-3,27.6906683,85.3177102,87
shape-3,27.6907557,85.3177237,88
shape-3,27.6888063,85.3163932,89
shape-3,27.6899793,85.3174133,90
shape-3,27.6880765,85.3162256,91
shape-3,27.6882845,85.3161840,92
shape-3,27.6884830,85.3161580,93
shape-3,27.6886545,85.3162379,94
shape-3,27.6888063,85.3163932,95
shape-3,27.6880045,85.3162481,96
shape-3,27.6880765,85.3162256,97
shape-3,27.6868488,85.3172480,98
shape-3,27.6874721,85.3168542,99
shape-3,27.6877317,85.3166504,100
shape-3,27.6877908,85.3165527,101
shape-3,27.6878897,85.3163955,102
shape-3,27.6880045,85.3162481,103
shape-3,27.6855933,85.3181062,104
shape-3,27.6861652,85.3177130,105
shape-3,27.6868488,85.3172480,106
shape-3,27.6836728,85.3187221,107
shape-3,27.6844239,85.3186891,108
shape-3,27.6846998,85.3186383,109
shape-3,27.6849628,85.3185363,110
shape-3,27.6851518,85.3184032,111
shape-3,27.6853780,85.3182309,112
shape-3,27.6855933,85.3181062,113
shape-3,27.6780952,85.3164183,114
shape-3,27.6784526,85.3165650,115
shape-3,27.6790552,85.3168235,116
shape-3,27.6801287,85.3172201,117
shape-3,27.6803416,85.3173055,118
shape-3,27.6804668,85.3173646,119
shape-3,27.6813607,85.3177266,120
shape-3,27.6819786,85.3179852,121
shape-3,27.6823855,85.3181735,122
shape-3,27.6828744,85.3185835,123
shape-3,27.6831367,85.3187139,124
shape-3,27.6836728,85.3187221,125
shape-3,27.6773981,85.3163285,126
shape-3,27.6778902,85.3163378,127
shape-3,27.6780952,85.3164183,128
shape-3,27.6773981,85.3163285,129
shape-3,27.6772182,85.3164091,130
shape-3,27.6770902,85.3165350,131
shape-3,27.6770319,85.3165973,132
shape-3,27.6770319,85.3165973,133
shape-3,27.6769030,85.3167729,134
shape-3,27.6767470,85.3171316,135
shape-3,27.6766054,85.3173939,136
shape-3,27.6760652,85.3182015,137
shape-3,27.6760652,85.3182015,138
shape-3,27.6758123,85.3185924,139
shape-3,27.6756332,85.3188164,140
shape-3,27.6755301,85.3189416,141
shape-3,27.6752576,85.3192850,142
shape-3,27.6752576,85.3192850,143
shape-3,27.6749666,85.3196539,144
shape-3,27.6749137,85.3197239,145
shape-3,27.6746980,85.3200097,146
shape-3,27.6744830,85.3205084,147
shape-3,27.6743741,85.3208273,148
shape-3,27.6743469,85.3209051,149
shape-3,27.6743469,85.3209051,150
shape-3,27.6742970,85.3210465,151
shape-3,27.6742970,85.3210465,152
shape-3,27.6740602,85.3216693,153
shape-3,27.6740409,85.3217201,154
shape-3,27.6739418,85.3221781,155
shape-3,27.6738021,85.3228965,156
shape-3,27.6737941,85.3229145,157
shape-3,27.6737587,85.3232440,158
shape-3,27.6736387,85.3236539,159
shape-3,27.6735497,85.3238901,160
shape-3,27.6726408,85.3249900,161
shape-3,27.6727313,85.3249240,162
shape-3,27.6730031,85.3245541,163
shape-3,27.6732423,85.3242020,164
shape-3,27.6734517,85.3239517,165
shape-3,27.6735497,85.3238901,166
shape-4,27.7000082,85.3134738,0
shape-4,27.7005417,85.3135033,1
shape-4,27.6997186,85.3147572,2
shape-4,27.6999131,85.3137887,3
shape-4,27.6999511,85.3136405,4
shape-4,27.6999831,85.3135576,5
shape-4,27.7000082,85.3134738,6
shape-4,27.6995631,85.3152785,7
shape-4,27.6996256,85.3152779,8
shape-4,27.6997162,85.3152612,9
shape-4,27.6997934,85.3151994,10
shape-4,27.6998388,85.3151205,11
shape-4,27.6998622,85.3150315,12
shape-4,27.6998630,85.3150098,13
shape-4,27.6998449,85.3149051,14
shape-4,27.6997934,85.3148202,15
shape-4,27.6997574,85.3147799,16
shape-4,27.6997186,85.3147572,17
shape-4,27.6994172,85.3162365,18
shape-4,27.6995631,85.3152785,19
shape-4,27.6998966,85.3166581,20
shape-4,27.6997716,85.3165236,21
shape-4,27.6996581,85.3164335,22
shape-4,27.6995875,85.3163964,23
shape-4,27.6995067,85.3163749,24
shape-4,27.6994422,85.3163154,25
shape-4,27.6994172,85.3162365,26
shape-4,27.7023663,85.3165849,27
shape-4,27.6998966,85.3166581,28
shape-4,27.7023663,85.3165849,29
shape-4,27.7023445,85.3167036,30
shape-4,27.7023323,85.3167996,31
shape-4,27.7023323,85.3167996,32
shape-4,27.7022899,85.3172500,33
shape-4,27.7022214,85.3176024,34
shape-4,27.7021221,85.3187380,35
shape-4,27.7021221,85.3187380,36
shape-4,27.7021033,85.3188719,37
shape-4,27.7019269,85.3201872,38
shape-4,27.7019128,85.3203130,39
shape-4,27.7018454,85.3209158,40
shape-4,27.7018454,85.3209158,41
shape-4,27.7018287,85.3210651,42
shape-4,27.7018287,85.3210651,43
shape-4,27.7017947,85.3213172,44
shape-4,27.7017187,85.3220253,45
shape-4,27.7016817,85.3222776,46
shape-4,27.7016817,85.3222776,47
shape-4,27.7016700,85.3223448,48
shape-4,27.7016700,85.3223448,49
shape-4,27.7014805,85.3223096,50
shape-4,27.7014023,85.3222950,51
shape-4,27.7011314,85.3222447,52
shape-4,27.7011314,85.3222447,53
shape-4,27.7010943,85.3223612,54
shape-4,27.7009514,85.3229183,55
shape-4,27.7009514,85.3229183,56
shape-4,27.7007816,85.3236660,57
shape-4,27.7006386,85.3239163,58
shape-4,27.7004475,85.3241878,59
shape-4,27.7003653,85.3245177,60
shape-4,27.7003653,85.3245177,61
shape-4,27.7001479,85.3254829,62
shape-4,27.7001473,85.3255647,63
shape-4,27.7001451,85.3258627,64
shape-4,27.7000408,85.3263010,65
shape-4,27.6999761,85.3264973,66
shape-4,27.6998298,85.3271641,67
shape-4,27.6998001,85.3272895,68
shape-4,27.6997278,85.3275941,69
shape-4,27.6996934,85.3277389,70
shape-4,27.6994877,85.3286001,71
shape-4,27.6994877,85.3286001,72
shape-4,27.6994523,85.3287456,73
shape-4,27.6993883,85.3288797,74
shape-4,27.6992904,85.3289269,75
shape-4,27.6978734,85.3284983,76
shape-4,27.6966083,85.3281501,77
shape-4,27.6966083,85.3281501,78
shape-4,27.6947240,85.3276033,79
shape-4,27.6943652,85.3276244,80
shape-4,27.6940842,85.3277304,81
shape-4,27.6937797,85.3276632,82
shape-4,27.6935216,85.3276028,83
shape-4,27.6935216,85.3276028,84
shape-4,27.6933822,85.3275320,85
shape-4,27.6933822,85.3275320,86
shape-4,27.6932596,85.3275232,87
shape-4,27.6930920,85.3277610,88
shape-4,27.6929391,85.3280988,89
shape-4,27.6928377,85.3282579,90
shape-4,27.6927098,85.3284558,91
shape-4,27.6926319,85.3286992,92
shape-4,27.6926319,85.3286992,93
shape-4,27.6925898,85.3288222,94
shape-4,27.6924131,85.3293391,95
shape-4,27.6924131,85.3293391,96
shape-4,27.6923527,85.3295444,97
shape-4,27.6923320,85.3296148,98
shape-4,27.6923320,85.3296148,99
shape-4,27.6922701,85.3299158,100
shape-4,27.6921405,85.3304979,101
shape-4,27.6920303,85.3309787,102
shape-4,27.6919271,85.3313641,103
shape-4,27.6917386,85.3320677,104
shape-4,27.6915902,85.3324873,105
shape-4,27.6914551,85.3328202,106
shape-4,27.6913372,85.3331385,107
shape-4,27.6913030,85.3334665,108
shape-4,27.6912420,85.3337214,109
shape-4,27.6911827,85.3338935,110
shape-4,27.6911517,85.3339852,111
shape-4,27.6911328,85.3340314,112
shape-4,27.6911328,85.3340314,113
shape-4,27.6911159,85.3340767,114
shape-4,27.6910727,85.3341883,115
shape-4,27.6910238,85.3342764,116
shape-4,27.6909390,85.3344603,117
shape-4,27.6906990,85.3350078,118
shape-4,27.6905306,85.3354348,119
shape-4,27.6905002,85.3354970,120
shape-4,27.6904478,85.3356365,121
shape-4,27.6904037,85.3357535,122
shape-4,27.6903727,85.3358296,123
shape-4,27.6903727,85.3358296,124
shape-4,27.6903265,85.3359541,125
shape-4,27.6909543,85.3360811,126
shape-4,27.6903265,85.3359541,127
shape-4,27.6923364,85.3362165,128
shape-4,27.6917799,85.3362168,129
shape-4,27.6914783,85.3361817,130
shape-4,27.6914174,85.3361740,131
shape-4,27.6913309,85.3361608,132
shape-4,27.6911437,85.3361254,133
shape-4,27.6909543,85.3360811,134
shape-4,27.6925451,85.3362413,135
shape-4,27.6923631,85.3362174,136
shape-4,27.6923364,85.3362165,137
shape-4,27.6925451,85.3362413,138
shape-4,27.6929923,85.3372386,139
shape-4,27.6930016,85.3373023,140
shape-4,27.6929881,85.3374546,141
shape-4,27.6930056,85.3376009,142
shape-4,27.6930029,85.3377243,143
shape-4,27.6929499,85.3379278,144
shape-4,27.6929085,85.3380609,145
shape-4,27.6929115,85.3382415,146
shape-4,27.6929115,85.3382415,147
shape-4,27.6928890,85.3384699,148
shape-4,27.6929152,85.3385128,149
shape-4,27.6932656,85.3385909,150
shape-4,27.6932660,85.3388160,151
shape-4,27.6932772,85.3388602,152
shape-4,27.6933003,85.3389517,153
shape-4,27.6932886,85.3390603,154
shape-4,27.6932870,85.3390689,155
shape-4,27.6932622,85.3391995,156
shape-4,27.6932603,85.3394430,157
shape-4,27.6932447,85.3396076,158
shape-4,27.6932396,85.3398872,159
shape-4,27.6931395,85.3400679,160
shape-4,27.6931794,85.3400411,161
shape-4,27.6931909,85.3400396,162
shape-4,27.6932024,85.3400434,163
shape-4,27.6932137,85.3400826,164
shape-4,27.6932274,85.3401222,165
shape-4,27.6932244,85.3401729,166
shape-4,27.6932052,85.3402185,167
shape-4,27.6931629,85.3404597,168
shape-4,27.6931956,85.3405019,169
shape-4,27.6931956,85.3405019,170
shape-4,27.6932411,85.3405830,171
shape-4,27.6939427,85.3408185,172
shape-4,27.6940300,85.3408344,173
shape-4,27.6940695,85.3408385,174
shape-4,27.6942595,85.3408614,175
shape-4,27.6946054,85.3409124,176
shape-4,27.6947289,85.3409124,177
shape-4,27.6948904,85.3408319,178
shape-4,27.6951694,85.3406376,179
shape-4,27.6951694,85.3406376,180
shape-4,27.6952435,85.3406843,181
shape-4,27.6952435,85.3406843,182
shape-4,27.6951361,85.3414233,183
shape-4,27.6950709,85.3418718,184
shape-4,27.6949901,85.3420113,185
shape-4,27.6949616,85.3421132,186
shape-4,27.6949759,85.3421722,187
shape-4,27.6950614,85.3424887,188
shape-4,27.6951091,85.3428709,189
shape-4,27.6951374,85.3430681,190
shape-4,27.6952275,85.3437289,191
shape-4,27.6952034,85.3442828,192
shape-4,27.6953299,85.3444065,193
shape-4,27.6953656,85.3444660,194
shape-5,27.7005417,85.3135033,0
shape-5,27.7011159,85.3135498,1
shape-5,27.7018334,85.3136021,2
shape-5,27.7022101,85.3136379,3
shape-5,27.7022101,85.3136379,4
shape-5,27.7030582,85.3137186,5
shape-5,27.7030582,85.3137186,6
shape-5,27.7034410,85.3137530,7
shape-5,27.7035708,85.3137657,8
shape-5,27.7038472,85.3137555,9
shape-5,27.7038472,85.3137555,10
shape-5,27.7040517,85.3137930,11
shape-5,27.7041516,85.3138086,12
shape-5,27.7044686,85.3138315,13
shape-5,27.7044686,85.3138315,14
shape-5,27.7045981,85.3138667,15
shape-5,27.7055235,85.3140396,16
shape-5,27.7057227,85.3140743,17
shape-5,27.7057227,85.3140743,18
shape-5,27.7066056,85.3142091,19
shape-5,27.7070874,85.3142657,20
shape-5,27.7070874,85.3142657,21
shape-5,27.7068728,85.3148430,22
shape-5,27.7067052,85.3152489,23
shape-5,27.7062756,85.3162943,24
shape-5,27.7064316,85.3159543,25
shape-5,27.7067052,85.3152489,26
shape-5,27.7036535,85.3165165,27
shape-5,27.7038495,85.3164188,28
shape-5,27.7044566,85.3163736,29
shape-5,27.7060230,85.3162570,30
shape-5,27.7062756,85.3162943,31
shape-5,27.7036535,85.3165165,32
shape-5,27.7035611,85.3165299,33
shape-5,27.7035172,85.3165334,34
shape-5,27.7031113,85.3165662,35
shape-5,27.7023663,85.3165849,36
shape-5,27.7023663,85.3165849,37
shape-5,27.7023445,85.3167036,38
shape-5,27.7023323,85.3167996,39
shape-5,27.7023323,85.3167996,40
shape-5,27.7022899,85.3172500,41
shape-5,27.7022214,85.3176024,42
shape-5,27.7021221,85.3187380,43
shape-5,27.7021221,85.3187380,44
shape-5,27.7021033,85.3188719,45
shape-5,27.7019269,85.3201872,46
shape-5,27.7019128,85.3203130,47
shape-5,27.7018454,85.3209158,48
shape-5,27.7018454,85.3209158,49
shape-5,27.7018287,85.3210651,50
shape-5,27.7018287,85.3210651,51
shape-5,27.7017947,85.3213172,52
shape-5,27.7017187,85.3220253,53
shape-5,27.7016817,85.3222776,54
shape-5,27.7016817,85.3222776,55
shape-5,27.7016700,85.3223448,56
shape-5,27.7016700,85.3223448,57
shape-5,27.7014805,85.3223096,58
shape-5,27.7014023,85.3222950,59
shape-5,27.7011314,85.3222447,60
shape-5,27.7011314,85.3222447,61
shape-5,27.7010943,85.3223612,62
shape-5,27.7009514,85.3229183,63
shape-5,27.7009514,85.3229183,64
shape-5,27.7007816,85.3236660,65
shape-5,27.7006386,85.3239163,66
shape-5,27.7004475,85.3241878,67
shape-5,27.7003653,85.3245177,68
shape-5,27.7003653,85.3245177,69
shape-5,27.7001479,85.3254829,70
shape-5,27.7001473,85.3255647,71
shape-5,27.7001451,85.3258627,72
shape-5,27.7000408,85.3263010,73
shape-5,27.6999761,85.3264973,74
shape-5,27.6998298,85.3271641,75
shape-5,27.6998001,85.3272895,76
shape-5,27.6997278,85.3275941,77
shape-5,27.6996934,85.3277389,78
shape-5,27.6994877,85.3286001,79
shape-5,27.6994877,85.3286001,80
shape-5,27.6994523,85.3287456,81
shape-5,27.6993883,85.3288797,82
shape-5,27.6992904,85.3289269,83
shape-5,27.6978734,85.3284983,84
shape-5,27.6966083,85.3281501,85
shape-5,27.6966083,85.3281501,86
shape-5,27.6947240,85.3276033,87
shape-5,27.6943652,85.3276244,88
shape-5,27.6940842,85.3277304,89
shape-5,27.6937797,85.3276632,90
shape-5,27.6935216,85.3276028,91
shape-5,27.6935216,85.3276028,92
shape-5,27.6933822,85.3275320,93
shape-5,27.6933822,85.3275320,94
shape-5,27.6932596,85.3275232,95
shape-5,27.6930920,85.3277610,96
shape-5,27.6929391,85.3280988,97
shape-5,27.6928377,85.3282579,98
shape-5,27.6927098,85.3284558,99
shape-5,27.6926319,85.3286992,100
shape-5,27.6926319,85.3286992,101
shape-5,27.6925898,85.3288222,102
shape-5,27.6924131,85.3293391,103
shape-5,27.6924131,85.3293391,104
shape-5,27.6923527,85.3295444,105
shape-5,27.6923320,85.3296148,106
shape-5,27.6923320,85.3296148,107
shape-5,27.6922701,85.3299158,108
shape-5,27.6921405,85.3304979,109
shape-5,27.6920303,85.3309787,110
shape-5,27.6919271,85.3313641,111
shape-5,27.6917386,85.3320677,112
shape-5,27.6915902,85.3324873,113
shape-5,27.6914551,85.3328202,114
shape-5,27.6913372,85.3331385,115
shape-5,27.6913030,85.3334665,116
shape-5,27.6912420,85.3337214,117
shape-5,27.6911827,85.3338935,118
shape-5,27.6911517,85.3339852,119
shape-5,27.6911328,85.3340314,120
shape-5,27.6911328,85.3340314,121
shape-5,27.6911159,85.3340767,122
shape-5,27.6910727,85.3341883,123
shape-5,27.6910238,85.3342764,124
shape-5,27.6909390,85.3344603,125
shape-5,27.6906990,85.3350078,126
shape-5,27.6905306,85.3354348,127
shape-5,27.6905002,85.3354970,128
shape-5,27.6904478,85.3356365,129
shape-5,27.6904037,85.3357535,130
shape-5,27.6903727,85.3358296,131
shape-5,27.6903727,85.3358296,132
shape-5,27.6903265,85.3359541,133
shape-5,27.6909543,85.3360811,134
shape-5,27.6903265,85.3359541,135
shape-5,27.6923364,85.3362165,136
shape-5,27.6917799,85.3362168,137
shape-5,27.6914783,85.3361817,138
shape-5,27.6914174,85.3361740,139
shape-5,27.6913309,85.3361608,140
shape-5,27.6911437,85.3361254,141
shape-5,27.6909543,85.3360811,142
shape-5,27.6925451,85.3362413,143
shape-5,27.6923631,85.3362174,144
shape-5,27.6923364,85.3362165,145
shape-5,27.6925451,85.3362413,146
shape-5,27.6929923,85.3372386,147
shape-5,27.6930016,85.3373023,148
shape-5,27.6929881,85.3374546,149
shape-5,27.6930056,85.3376009,150
shape-5,27.6930029,85.3377243,151
shape-5,27.6929499,85.3379278,152
shape-5,27.6929085,85.3380609,153
shape-5,27.6929115,85.3382415,154
shape-5,27.6929115,85.3382415,155
shape-5,27.6928890,85.3384699,156
shape-5,27.6929152,85.3385128,157
shape-5,27.6932656,85.3385909,158
shape-5,27.6932660,85.3388160,159
shape-5,27.6932772,85.3388602,160
shape-5,27.6933003,85.3389517,161
shape-5,27.6932886,85.3390603,162
shape-5,27.6932870,85.3390689,163
shape-5,27.6932622,85.3391995,164
shape-5,27.6932603,85.3394430,165
shape-5,27.6932447,85.3396076,166
shape-5,27.6932396,85.3398872,167
shape-5,27.6931395,85.3400679,168
shape-5,27.6931794,85.3400411,169
shape-5,27.6931909,85.3400396,170
shape-5,27.6932024,85.3400434,171
shape-5,27.6932137,85.3400826,172
shape-5,27.6932274,85.3401222,173
shape-5,27.6932244,85.3401729,174
shape-5,27.6932052,85.3402185,175
shape-5,27.6931629,85.3404597,176
shape-5,27.6931956,85.3405019,177
shape-5,27.6931956,85.3405019,178
shape-5,27.6932411,85.3405830,179
shape-5,27.6939427,85.3408185,180
shape-5,27.6940300,85.3408344,181
shape-5,27.6940695,85.3408385,182
shape-5,27.6942595,85.3408614,183
shape-5,27.6946054,85.3409124,184
shape-5,27.6947289,85.3409124,185
shape-5,27.6948904,85.3408319,186
shape-5,27.6951694,85.3406376,187
shape-5,27.6951694,85.3406376,188
shape-5,27.6952435,85.3406843,189
shape-5,27.6952435,85.3406843,190
shape-5,27.6951361,85.3414233,191
shape-5,27.6950709,85.3418718,192
shape-5,27.6949901,85.3420113,193
shape-5,27.6949616,85.3421132,194
shape-5,27.6949759,85.3421722,195
shape-5,27.6950614,85.3424887,196
shape-5,27.6951091,85.3428709,197
shape-5,27.6951374,85.3430681,198
shape-5,27.6952275,85.3437289,199
shape-5,27.6952034,85.3442828,200
shape-5,27.6953299,85.3444065,201
shape-5,27.6953656,85.3444660,202
shape-6,27.7000082,85.3134738,0
shape-6,27.7005417,85.3135033,1
shape-6,27.6997186,85.3147572,2
shape-6,27.6999131,85.3137887,3
shape-6,27.6999511,85.3136405,4
shape-6,27.6999831,85.3135576,5
shape-6,27.7000082,85.3134738,6
shape-6,27.6995631,85.3152785,7
shape-6,27.6996256,85.3152779,8
shape-6,27.6997162,85.3152612,9
shape-6,27.6997934,85.3151994,10
shape-6,27.6998388,85.3151205,11
shape-6,27.6998622,85.3150315,12
shape-6,27.6998630,85.3150098,13
shape-6,27.6998449,85.3149051,14
shape-6,27.6997934,85.3148202,15
shape-6,27.6997574,85.3147799,16
shape-6,27.6997186,85.3147572,17
shape-6,27.6994172,85.3162365,18
shape-6,27.6995631,85.3152785,19
shape-6,27.6998966,85.3166581,20
shape-6,27.6997716,85.3165236,21
shape-6,27.6996581,85.3164335,22
shape-6,27.6995875,85.3163964,23
shape-6,27.6995067,85.3163749,24
shape-6,27.6994422,85.3163154,25
shape-6,27.6994172,85.3162365,26
shape-6,27.7023663,85.3165849,27
shape-6,27.6998966,85.3166581,28
shape-6,27.7023663,85.3165849,29
shape-6,27.7023445,85.3167036,30
shape-6,27.7023323,85.3167996,31
shape-6,27.7023323,85.3167996,32
shape-6,27.7022899,85.3172500,33
shape-6,27.7022214,85.3176024,34
shape-6,27.7021221,85.3187380,35
shape-6,27.7021221,85.3187380,36
shape-6,27.7021033,85.3188719,37
shape-6,27.7019269,85.3201872,38
shape-6,27.7019128,85.3203130,39
shape-6,27.7018454,85.3209158,40
shape-6,27.7018454,85.3209158,41
shape-6,27.7018287,85.3210651,42
shape-6,27.7018287,85.3210651,43
shape-6,27.7017947,85.3213172,44
shape-6,27.7017187,85.3220253,45
shape-6,27.7016817,85.3222776,46
shape-6,27.7016817,85.3222776,47
shape-6,27.7016700,85.3223448,48
shape-6,27.7016700,85.3223448,49
shape-6,27.7014805,85.3223096,50
shape-6,27.7014023,85.3222950,51
shape-6,27.7011314,85.3222447,52
shape-6,27.7011314,85.3222447,53
shape-6,27.7010943,85.3223612,54
shape-6,27.7009514,85.3229183,55
shape-6,27.7009514,85.3229183,56
shape-6,27.7007816,85.3236660,57
shape-6,27.7006386,85.3239163,58
shape-6,27.7004475,85.3241878,59
shape-6,27.7003653,85.3245177,60
shape-6,27.7003653,85.3245177,61
shape-6,27.7001479,85.3254829,62
shape-6,27.7001473,85.3255647,63
shape-6,27.7001451,85.3258627,64
shape-6,27.7000408,85.3263010,65
shape-6,27.6999761,85.3264973,66
shape-6,27.6998298,85.3271641,67
shape-6,27.6998001,85.3272895,68
shape-6,27.6997278,85.3275941,69
shape-6,27.6996934,85.3277389,70
shape-6,27.6994877,85.3286001,71
shape-6,27.6994877,85.3286001,72
shape-6,27.6994523,85.3287456,73
shape-6,27.6993883,85.3288797,74
shape-6,27.6992904,85.3289269,75
shape-6,27.6978734,85.3284983,76
shape-6,27.6966083,85.3281501,77
shape-6,27.6966083,85.3281501,78
shape-6,27.6947240,85.3276033,79
shape-6,27.6943652,85.3276244,80
shape-6,27.6940842,85.3277304,81
shape-6,27.6937797,85.3276632,82
shape-6,27.6935216,85.3276028,83
shape-6,27.6935216,85.3276028,84
shape-6,27.6933822,85.3275320,85
shape-6,27.6933822,85.3275320,86
shape-6,27.6932596,85.3275232,87
shape-6,27.6930920,85.3277610,88
shape-6,27.6929391,85.3280988,89
shape-6,27.6928377,85.3282579,90
shape-6,27.6927098,85.3284558,91
shape-6,27.6926319,85.3286992,92
shape-6,27.6926319,85.3286992,93
shape-6,27.6925898,85.3288222,94
shape-6,27.6924131,85.3293391,95
shape-6,27.6924131,85.3293391,96
shape-6,27.6923527,85.3295444,97
shape-6,27.6923320,85.3296148,98
shape-6,27.6923320,85.3296148,99
shape-6,27.6922701,85.3299158,100
shape-6,27.6921405,85.3304979,101
shape-6,27.6920303,85.3309787,102
shape-6,27.6919271,85.3313641,103
shape-6,27.6917386,85.3320677,104
shape-6,27.6915902,85.3324873,105
shape-6,27.6914551,85.3328202,106
shape-6,27.6913372,85.3331385,107
shape-6,27.6913030,85.3334665,108
shape-6,27.6912420,85.3337214,109
shape-6,27.6911827,85.3338935,110
shape-6,27.6911517,85.3339852,111
shape-6,27.6911328,85.3340314,112
shape-6,27.6911328,85.3340314,113
shape-6,27.6911159,85.3340767,114
shape-6,27.6910727,85.3341883,115
shape-6,27.6910238,85.3342764,116
shape-6,27.6909390,85.3344603,117
shape-6,27.6906990,85.3350078,118
shape-6,27.6905306,85.3354348,119
shape-6,27.6905002,85.3354970,120
shape-6,27.6904478,85.3356365,121
shape-6,27.6904037,85.3357535,122
shape-6,27.6903727,85.3358296,123
shape-6,27.6903727,85.3358296,124
shape-6,27.6903265,85.3359541,125
shape-6,27.6909543,85.3360811,126
shape-6,27.6903265,85.3359541,127
shape-6,27.6923364,85.3362165,128
shape-6,27.6917799,85.3362168,129
shape-6,27.6914783,85.3361817,130
shape-6,27.6914174,85.3361740,131
shape-6,27.6913309,85.3361608,132
shape-6,27.6911437,85.3361254,133
shape-6,27.6909543,85.3360811,134
shape-6,27.6925451,85.3362413,135
shape-6,27.6923631,85.3362174,136
shape-6,27.6923364,85.3362165,137
shape-6,27.6943342,85.3371545,138
shape-6,27.6942377,85.3371296,139
shape-6,27.6940642,85.3370987,140
shape-6,27.6938630,85.3370931,141
shape-6,27.6936787,85.3370271,142
shape-6,27.6925451,85.3362413,143
shape-6,27.6956673,85.3376196,144
shape-6,27.6952984,85.3374184,145
shape-6,27.6951054,85.3373185,146
shape-6,27.6946139,85.3372092,147
shape-6,27.6943342,85.3371545,148
shape-6,27.6990701,85.3383269,149
shape-6,27.6982402,85.3381013,150
shape-6,27.6978391,85.3380075,151
shape-6,27.6970247,85.3378108,152
shape-6,27.6967837,85.3377011,153
shape-6,27.6961771,85.3375829,154
shape-6,27.6959830,85.3376004,155
shape-6,27.6956673,85.3376196,156
shape-6,27.7006690,85.3396774,157
shape-6,27.7005997,85.3396428,158
shape-6,27.7005403,85.3396049,159
shape-6,27.7004979,85.3395260,160
shape-6,27.7004772,85.3394378,161
shape-6,27.7004617,85.3393556,162
shape-6,27.7004293,85.3392809,163
shape-6,27.7003496,85.3391169,164
shape-6,27.7002776,85.3390227,165
shape-6,27.7002048,85.3389457,166
shape-6,27.7001275,85.3388711,167
shape-6,27.7000016,85.3387251,168
shape-6,27.6993360,85.3384080,169
shape-6,27.6992474,85.3383601,170
shape-6,27.6990701,85.3383269,171
shape-7,27.7005417,85.3135033,0
shape-7,27.7011159,85.3135498,1
shape-7,27.7018334,85.3136021,2
shape-7,27.7022101,85.3136379,3
shape-7,27.7022101,85.3136379,4
shape-7,27.7030582,85.3137186,5
shape-7,27.7030582,85.3137186,6
shape-7,27.7034410,85.3137530,7
shape-7,27.7035708,85.3137657,8
shape-7,27.7038472,85.3137555,9
shape-7,27.7038472,85.3137555,10
shape-7,27.7040517,85.3137930,11
shape-7,27.7041516,85.3138086,12
shape-7,27.7044686,85.3138315,13
shape-7,27.7044686,85.3138315,14
shape-7,27.7045981,85.3138667,15
shape-7,27.7055235,85.3140396,16
shape-7,27.7057227,85.3140743,17
shape-7,27.7057227,85.3140743,18
shape-7,27.7066056,85.3142091,19
shape-7,27.7070874,85.3142657,20
shape-7,27.7070874,85.3142657,21
shape-7,27.7068728,85.3148430,22
shape-7,27.7067052,85.3152489,23
shape-7,27.7062756,85.3162943,24
shape-7,27.7064316,85.3159543,25
shape-7,27.7067052,85.3152489,26
shape-7,27.7036535,85.3165165,27
shape-7,27.7038495,85.3164188,28
shape-7,27.7044566,85.3163736,29
shape-7,27.7060230,85.3162570,30
shape-7,27.7062756,85.3162943,31
shape-7,27.7036535,85.3165165,32
shape-7,27.7035611,85.3165299,33
shape-7,27.7035172,85.3165334,34
shape-7,27.7031113,85.3165662,35
shape-7,27.7023663,85.3165849,36
shape-7,27.7023663,85.3165849,37
shape-7,27.7023445,85.3167036,38
shape-7,27.7023323,85.3167996,39
shape-7,27.7023323,85.3167996,40
shape-7,27.7022899,85.3172500,41
shape-7,27.7022214,85.3176024,42
shape-7,27.7021221,85.3187380,43
shape-7,27.7021221,85.3187380,44
shape-7,27.7021033,85.3188719,45
shape-7,27.7019269,85.3201872,46
shape-7,27.7019128,85.3203130,47
shape-7,27.7018454,85.3209158,48
shape-7,27.7018454,85.3209158,49
shape-7,27.7018287,85.3210651,50
shape-7,27.7018287,85.3210651,51
shape-7,27.7017947,85.3213172,52
shape-7,27.7017187,85.3220253,53
shape-7,27.7016817,85.3222776,54
shape-7,27.7016817,85.3222776,55
shape-7,27.7016700,85.3223448,56
shape-7,27.7016700,85.3223448,57
shape-7,27.7014805,85.3223096,58
shape-7,27.7014023,85.3222950,59
shape-7,27.7011314,85.3222447,60
shape-7,27.7011314,85.3222447,61
shape-7,27.7010943,85.3223612,62
shape-7,27.7009514,85.3229183,63
shape-7,27.7009514,85.3229183,64
shape-7,27.7007816,85.3236660,65
shape-7,27.7006386,85.3239163,66
shape-7,27.7004475,85.3241878,67
shape-7,27.7003653,85.3245177,68
shape-7,27.7003653,85.3245177,69
shape-7,27.7001479,85.3254829,70
shape-7,27.7001473,85.3255647,71
shape-7,27.7001451,85.3258627,72
shape-7,27.7000408,85.3263010,73
shape-7,27.6999761,85.3264973,74
shape-7,27.6998298,85.3271641,75
shape-7,27.6998001,85.3272895,76
shape-7,27.6997278,85.3275941,77
shape-7,27.6996934,85.3277389,78
shape-7,27.6994877,85.3286001,79
shape-7,27.6994877,85.3286001,80
shape-7,27.6994523,85.3287456,81
shape-7,27.6993883,85.3288797,82
shape-7,27.6992904,85.3289269,83
shape-7,27.6978734,85.3284983,84
shape-7,27.6966083,85.3281501,85
shape-7,27.6966083,85.3281501,86
shape-7,27.6947240,85.3276033,87
shape-7,27.6943652,85.3276244,88
shape-7,27.6940842,85.3277304,89
shape-7,27.6937797,85.3276632,90
shape-7,27.6935216,85.3276028,91
shape-7,27.6935216,85.3276028,92
shape-7,27.6933822,85.3275320,93
shape-7,27.6933822,85.3275320,94
shape-7,27.6932596,85.3275232,95
shape-7,27.6930920,85.3277610,96
shape-7,27.6929391,85.3280988,97
shape-7,27.6928377,85.3282579,98
shape-7,27.6927098,85.3284558,99
shape-7,27.6926319,85.3286992,100
shape-7,27.6926319,85.3286992,101
shape-7,27.6925898,85.3288222,102
shape-7,27.6924131,85.3293391,103
shape-7,27.6924131,85.3293391,104
shape-7,27.6923527,85.3295444,105
shape-7,27.6923320,85.3296148,106
shape-7,27.6923320,85.3296148,107
shape-7,27.6922701,85.3299158,108
shape-7,27.6921405,85.3304979,109
shape-7,27.6920303,85.3309787,110
shape-7,27.6919271,85.3313641,111
shape-7,27.6917386,85.3320677,112
shape-7,27.6915902,85.3324873,113
shape-7,27.6914551,85.3328202,114
shape-7,27.6913372,85.3331385,115
shape-7,27.6913030,85.3334665,116
shape-7,27.6912420,85.3337214,117
shape-7,27.6911827,85.3338935,118
shape-7,27.6911517,85.3339852,119
shape-7,27.6911328,85.3340314,120
shape-7,27.6911328,85.3340314,121
shape-7,27.6911159,85.3340767,122
shape-7,27.6910727,85.3341883,123
shape-7,27.6910238,85.3342764,124
shape-7,27.6909390,85.3344603,125
shape-7,27.6906990,85.3350078,126
shape-7,27.6905306,85.3354348,127
shape-7,27.6905002,85.3354970,128
shape-7,27.6904478,85.3356365,129
shape-7,27.6904037,85.3357535,130
shape-7,27.6903727,85.3358296,131
shape-7,27.6903727,85.3358296,132
shape-7,27.6903265,85.3359541,133
shape-7,27.6909543,85.3360811,134
shape-7,27.6903265,85.3359541,135
shape-7,27.6923364,85.3362165,136
shape-7,27.6917799,85.3362168,137
shape-7,27.6914783,85.3361817,138
shape-7,27.6914174,85.3361740,139
shape-7,27.6913309,85.3361608,140
shape-7,27.6911437,85.3361254,141
shape-7,27.6909543,85.3360811,142
shape-7,27.6925451,85.3362413,143
shape-7,27.6923631,85.3362174,144
shape-7,27.6923364,85.3362165,145
shape-7,27.6943342,85.3371545,146
shape-7,27.6942377,85.3371296,147
shape-7,27.6940642,85.3370987,148
shape-7,27.6938630,85.3370931,149
shape-7,27.6936787,85.3370271,150
shape-7,27.6925451,85.3362413,151
shape-7,27.6956673,85.3376196,152
shape-7,27.6952984,85.3374184,153
shape-7,27.6951054,85.3373185,154
shape-7,27.6946139,85.3372092,155
shape-7,27.6943342,85.3371545,156
shape-7,27.6990701,85.3383269,157
shape-7,27.6982402,85.3381013,158
shape-7,27.6978391,85.3380075,159
shape-7,27.6970247,85.3378108,160
shape-7,27.6967837,85.3377011,161
shape-7,27.6961771,85.3375829,162
shape-7,27.6959830,85.3376004,163
shape-7,27.6956673,85.3376196,164
shape-7,27.7006690,85.3396774,165
shape-7,27.7005997,85.3396428,166
shape-7,27.7005403,85.3396049,167
shape-7,27.7004979,85.3395260,168
shape-7,27.7004772,85.3394378,169
shape-7,27.7004617,85.3393556,170
shape-7,27.7004293,85.3392809,171
shape-7,27.7003496,85.3391169,172
shape-7,27.7002776,85.3390227,173
shape-7,27.7002048,85.3389457,174
shape-7,27.7001275,85.3388711,175
shape-7,27.7000016,85.3387251,176
shape-7,27.6993360,85.3384080,177
shape-7,27.6992474,85.3383601,178
shape-7,27.6990701,85.3383269,179
shape-8,27.7270610,85.3046132,0
shape-8,27.7269088,85.3046680,1
shape-8,27.7265790,85.3047868,2
shape-8,27.7261654,85.3049748,3
shape-8,27.7261654,85.3049748,4
shape-8,27.7260532,85.3050576,5
shape-8,27.7260532,85.3050576,6
shape-8,27.7254721,85.3054362,7
shape-8,27.7254721,85.3054362,8
shape-8,27.7254319,85.3054661,9
shape-8,27.7232923,85.3069560,10
shape-8,27.7232923,85.3069560,11
shape-8,27.7207752,85.3086226,12
shape-8,27.7206921,85.3086776,13
shape-8,27.7198460,85.3092148,14
shape-8,27.7195815,85.3093882,15
shape-8,27.7192972,85.3095778,16
shape-8,27.7192631,85.3095804,17
shape-8,27.7189672,85.3096191,18
shape-8,27.7189672,85.3096191,19
shape-8,27.7187905,85.3096836,20
shape-8,27.7182674,85.3098578,21
shape-8,27.7181404,85.3100031,22
shape-8,27.7181404,85.3100031,23
shape-8,27.7181504,85.3100665,24
shape-8,27.7181481,85.3101281,25
shape-8,27.7182684,85.3105234,26
shape-8,27.7182684,85.3105234,27
shape-8,27.7182751,85.3105844,28
shape-8,27.7182982,85.3107947,29
shape-8,27.7182892,85.3112464,30
shape-8,27.7182868,85.3113678,31
shape-8,27.7182853,85.3115741,32
shape-8,27.7182670,85.3117005,33
shape-8,27.7182232,85.3120035,34
shape-8,27.7182170,85.3120463,35
shape-8,27.7182156,85.3120562,36
shape-8,27.7182038,85.3121379,37
shape-8,27.7182038,85.3121379,38
shape-8,27.7178389,85.3132160,39
shape-8,27.7178389,85.3132160,40
shape-8,27.7176746,85.3137117,41
shape-8,27.7173801,85.3148107,42
shape-8,27.7173801,85.3148107,43
shape-8,27.7172096,85.3154512,44
shape-8,27.7171103,85.3158242,45
shape-8,27.7170479,85.3160463,46
shape-8,27.7137405,85.3154212,47
shape-8,27.7145642,85.3155769,48
shape-8,27.7170479,85.3160463,49
shape-8,27.7115275,85.3150203,50
shape-8,27.7126320,85.3152198,51
shape-8,27.7137405,85.3154212,52
shape-8,27.7100354,85.3148074,53
shape-8,27.7103118,85.3148393,54
shape-8,27.7106227,85.3148842,55
shape-8,27.7109215,85.3149271,56
shape-8,27.7115275,85.3150203,57
shape-8,27.7089122,85.3146069,58
shape-8,27.7096742,85.3147384,59
shape-8,27.7100354,85.3148074,60
shape-8,27.7087514,85.3146266,61
shape-8,27.7089122,85.3146069,62
shape-8,27.7087514,85.3146266,63
shape-8,27.7087458,85.3148275,64
shape-8,27.7087676,85.3150363,65
shape-8,27.7088290,85.3152920,66
shape-8,27.7088290,85.3152920,67
shape-8,27.7089968,85.3158909,68
shape-8,27.7092315,85.3165430,69
shape-8,27.7093062,85.3167379,70
shape-8,27.7093062,85.3167379,71
shape-8,27.7093126,85.3168245,72
shape-8,27.7093039,85.3169219,73
shape-8,27.7092823,85.3169850,74
shape-8,27.7092372,85.3170343,75
shape-8,27.7091737,85.3170795,76
shape-8,27.7090647,85.3171041,77
shape-8,27.7090647,85.3171041,78
shape-8,27.7081002,85.3168181,79
shape-8,27.7081002,85.3168181,80
shape-8,27.7067550,85.3164394,81
shape-8,27.7062756,85.3162943,82
shape-8,27.7062756,85.3162943,83
shape-8,27.7064316,85.3159543,84
shape-8,27.7067052,85.3152489,85
shape-9,27.6849952,85.2982204,0
shape-9,27.6868000,85.2981656,1
shape-9,27.6873759,85.2981440,2
shape-9,27.6875379,85.2981328,3
shape-9,27.6875936,85.2981289,4
shape-9,27.6878333,85.2981813,5
shape-9,27.6880622,85.2982783,6
shape-9,27.6883813,85.2986255,7
shape-9,27.6895144,85.2994254,8
shape-9,27.6898369,85.2994811,9
shape-9,27.6900300,85.2994666,10
shape-9,27.6901834,85.2994198,11
shape-9,27.6913795,85.2989509,12
shape-9,27.6917878,85.2987784,13
shape-9,27.6926161,85.2984667,14
shape-9,27.6930155,85.2984384,15
shape-9,27.6937740,85.2984914,16
shape-9,27.6953916,85.2987177,17
shape-9,27.6956470,85.2987534,18
shape-9,27.6960968,85.2988078,19
shape-9,27.6960968,85.2988078,20
shape-9,27.6962376,85.2988019,21
shape-9,27.6962376,85.2988019,22
shape-9,27.6966940,85.2988556,23
shape-9,27.6969059,85.2989057,24
shape-9,27.6969540,85.2989209,25
shape-9,27.6976368,85.2992050,26
shape-9,27.6977732,85.2992500,27
shape-9,27.6980963,85.2993433,28
shape-9,27.6984303,85.2994397,29
shape-9,27.6984303,85.2994397,30
shape-9,27.6986078,85.3002367,31
shape-9,27.6985673,85.3003544,32
shape-9,27.6984460,85.3007070,33
shape-9,27.6984089,85.3008964,34
shape-9,27.6982904,85.3016950,35
shape-9,27.6982194,85.3018336,36
shape-9,27.6982194,85.3018336,37
shape-9,27.6980572,85.3025996,38
shape-9,27.6980572,85.3025996,39
shape-9,27.6979918,85.3028501,40
shape-9,27.6978701,85.3033546,41
shape-9,27.6977932,85.3035796,42
shape-9,27.6976336,85.3039124,43
shape-9,27.6972775,85.3046060,44
shape-9,27.6971631,85.3048181,45
shape-9,27.6970409,85.3050388,46
shape-9,27.6967278,85.3055896,47
shape-9,27.6966663,85.3056988,48
shape-9,27.6966663,85.3056988,49
shape-9,27.6966074,85.3058566,50
shape-9,27.6964151,85.3065585,51
shape-9,27.6962779,85.3070186,52
shape-9,27.6960558,85.3077227,53
shape-9,27.6958759,85.3082051,54
shape-9,27.6958489,85.3082774,55
shape-9,27.6958489,85.3082774,56
shape-9,27.6951307,85.3100465,57
shape-9,27.6948549,85.3107576,58
shape-9,27.6945618,85.3114850,59
shape-9,27.6943350,85.3120566,60
shape-9,27.6942531,85.3122938,61
shape-9,27.6941247,85.3127227,62
shape-9,27.6939090,85.3137431,63
shape-9,27.6938793,85.3139531,64
shape-9,27.6938793,85.3139531,65
shape-9,27.6939413,85.3139678,66
shape-9,27.6939987,85.3140135,67
shape-9,27.6939987,85.3140135,68
shape-9,27.6940273,85.3140620,69
shape-9,27.6940411,85.3141172,70
shape-9,27.6940393,85.3141757,71
shape-9,27.6940182,85.3142372,72
shape-9,27.6939823,85.3142839,73
shape-9,27.6939823,85.3142839,74
shape-9,27.6939511,85.3143069,75
shape-9,27.6938961,85.3143255,76
shape-9,27.6938961,85.3143255,77
shape-9,27.6937308,85.3143648,78
shape-9,27.6936193,85.3144087,79
shape-9,27.6934485,85.3145773,80
shape-9,27.6934485,85.3145773,81
shape-9,27.6931059,85.3149153,82
shape-9,27.6924532,85.3155347,83
shape-9,27.6922795,85.3156954,84
shape-9,27.6920125,85.3159517,85
shape-9,27.6916457,85.3163020,86
shape-9,27.6909248,85.3169745,87
shape-9,27.6908244,85.3171337,88
shape-9,27.6907774,85.3173158,89
shape-9,27.6907774,85.3173158,90
shape-9,27.6907990,85.3174405,91
shape-9,27.6908598,85.3175489,92
shape-9,27.6910426,85.3176570,93
shape-9,27.6910426,85.3176570,94
shape-9,27.6916119,85.3179399,95
shape-9,27.6917671,85.3180161,96
shape-9,27.6917671,85.3180161,97
shape-9,27.6918726,85.3180622,98
shape-9,27.6922222,85.3182148,99
shape-9,27.6922934,85.3182498,100
shape-9,27.6931394,85.3186652,101
shape-9,27.6934759,85.3188390,102
shape-9,27.6936362,85.3189605,103
shape-9,27.6938576,85.3191139,104
shape-9,27.6941121,85.3193084,105
shape-9,27.6941121,85.3193084,106
shape-9,27.6942727,85.3194502,107
shape-9,27.6942727,85.3194502,108
shape-9,27.6944997,85.3197718,109
shape-9,27.6947577,85.3202267,110
shape-9,27.6947577,85.3202267,111
shape-9,27.6947918,85.3202811,112
shape-9,27.6949047,85.3204654,113
shape-9,27.6949047,85.3204654,114
shape-9,27.6949341,85.3205922,115
shape-9,27.6949388,85.3206709,116
shape-9,27.6949189,85.3207321,117
shape-9,27.6948834,85.3207727,118
shape-9,27.6948377,85.3207809,119
shape-9,27.6947235,85.3207805,120
shape-9,27.6947235,85.3207805,121
shape-9,27.6945009,85.3207644,122
shape-9,27.6945009,85.3207644,123
shape-9,27.6943354,85.3207871,124
shape-9,27.6942055,85.3208148,125
shape-9,27.6942055,85.3208148,126
shape-9,27.6940835,85.3208760,127
shape-9,27.6940159,85.3209300,128
shape-9,27.6940159,85.3209300,129
shape-9,27.6926081,85.3240016,130
shape-9,27.6926081,85.3240016,131
shape-9,27.6917369,85.3257606,132
shape-9,27.6915767,85.3261028,133
shape-9,27.6910004,85.3273334,134
shape-9,27.6906764,85.3279873,135
shape-9,27.6906384,85.3280686,136
shape-9,27.6906384,85.3280686,137
shape-9,27.6903197,85.3287620,138
shape-9,27.6903197,85.3287620,139
shape-9,27.6902060,85.3290122,140
shape-9,27.6901429,85.3291620,141
shape-9,27.6900272,85.3294069,142
shape-9,27.6898537,85.3297648,143
shape-9,27.6897879,85.3299088,144
shape-9,27.6896893,85.3301612,145
shape-9,27.6895513,85.3305546,146
shape-9,27.6894316,85.3309436,147
shape-9,27.6894152,85.3310004,148
shape-9,27.6893201,85.3313663,149
shape-9,27.6892318,85.3316904,150
shape-9,27.6891481,85.3321012,151
shape-9,27.6890609,85.3325159,152
shape-9,27.6889518,85.3330296,153
shape-9,27.6889158,85.3332028,154
shape-9,27.6886578,85.3343958,155
shape-9,27.6885860,85.3346886,156
shape-9,27.6885860,85.3346886,157
shape-9,27.6885732,85.3347414,158
shape-9,27.6885732,85.3347414,159
shape-9,27.6883703,85.3355502,160
shape-9,27.6883703,85.3355502,161
shape-9,27.6882818,85.3355336,162
shape-9,27.6882818,85.3355336,163
shape-9,27.6880027,85.3354672,164
shape-9,27.6875039,85.3353545,165
shape-9,27.6873915,85.3353404,166
shape-9,27.6871655,85.3353120,167
shape-9,27.6869054,85.3352794,168
shape-9,27.6866003,85.3352123,169
shape-9,27.6864066,85.3351721,170
shape-9,27.6860504,85.3351453,171
shape-9,27.6856981,85.3351465,172
shape-9,27.6856604,85.3351403,173
shape-9,27.6855896,85.3351292,174
shape-9,27.6854993,85.3350863,175
shape-9,27.6854091,85.3350273,176
shape-9,27.6851906,85.3348502,177
shape-9,27.6850956,85.3347483,178
shape-9,27.6849436,85.3345767,179
shape-9,27.6848676,85.3345123,180
shape-9,27.6846918,85.3344211,181
shape-9,27.6846348,85.3343728,182
shape-9,27.6845920,85.3343245,183
shape-9,27.6845778,85.3342441,184
shape-9,27.6845968,85.3341743,185
shape-9,27.6847013,85.3339919,186
shape-9,27.6847108,85.3339222,187
shape-9,27.6846823,85.3338578,188
shape-9,27.6844171,85.3336707,189
shape-9,27.6840164,85.3333796,190
shape-9,27.6839773,85.3333672,191
shape-9,27.6839200,85.3333472,192
shape-9,27.6838625,85.3333331,193
shape-9,27.6837825,85.3333406,194
shape-9,27.6837497,85.3333474,195
shape-9,27.6836844,85.3333453,196
shape-9,27.6835843,85.3333435,197
shape-9,27.6835398,85.3333442,198
shape-9,27.6835398,85.3333442,199
shape-9,27.6834435,85.3333426,200
shape-9,27.6833142,85.3333321,201
shape-9,27.6831141,85.3332601,202
shape-9,27.6830102,85.3332195,203
shape-9,27.6828636,85.3331369,204
shape-9,27.6827537,85.3330746,205
shape-9,27.6825370,85.3329604,206
shape-9,27.6824008,85.3328722,207
shape-9,27.6820153,85.3325567,208
shape-9,27.6819294,85.3324853,209
shape-9,27.6816813,85.3322652,210
shape-9,27.6815279,85.3321098,211
shape-9,27.6813516,85.3319186,212
shape-9,27.6813518,85.3319176,213
shape-9,27.6812858,85.3318301,214
shape-9,27.6812635,85.3317960,215
shape-9,27.6811284,85.3315875,216
shape-10,27.6885860,85.3346886,0
shape-10,27.6885732,85.3347414,1
shape-10,27.6885732,85.3347414,2
shape-10,27.6883703,85.3355502,3
shape-10,27.6883703,85.3355502,4
shape-10,27.6877471,85.3384492,5
shape-10,27.6877471,85.3384492,6
shape-10,27.6876953,85.3386782,7
shape-10,27.6875316,85.3394017,8
shape-10,27.6872072,85.3408350,9
shape-10,27.6870857,85.3413721,10
shape-10,27.6870857,85.3413721,11
shape-10,27.6870231,85.3416424,12
shape-10,27.6868004,85.3426043,13
shape-10,27.6866685,85.3431738,14
shape-10,27.6866685,85.3431738,15
shape-10,27.6866361,85.3433118,16
shape-10,27.6866361,85.3433118,17
shape-10,27.6863854,85.3443783,18
shape-10,27.6863854,85.3443783,19
shape-10,27.6861178,85.3456043,20
shape-10,27.6860042,85.3461501,21
shape-10,27.6859148,85.3465799,22
shape-10,27.6859148,85.3465799,23
shape-10,27.6856763,85.3470120,24
shape-10,27.6856763,85.3470120,25
shape-10,27.6848572,85.3482258,26
shape-10,27.6844338,85.3486323,27
shape-10,27.6840332,85.3489400,28
shape-10,27.6836995,85.3491044,29
shape-10,27.6834106,85.3492604,30
shape-10,27.6827270,85.3494921,31
shape-10,27.6788418,85.3496516,32
shape-10,27.6804912,85.3495149,33
shape-10,27.6805030,85.3495140,34
shape-10,27.6816369,85.3494547,35
shape-10,27.6822301,85.3494369,36
shape-10,27.6825773,85.3494755,37
shape-10,27.6827270,85.3494921,38
shape-10,27.6784459,85.3490293,39
shape-10,27.6788418,85.3496516,40
shape-10,27.6737617,85.3425079,41
shape-10,27.6740905,85.3428239,42
shape-10,27.6741763,85.3428925,43
shape-10,27.6742436,85.3429549,44
shape-10,27.6753471,85.3441670,45
shape-10,27.6754296,85.3442529,46
shape-10,27.6756811,85.3446252,47
shape-10,27.6760450,85.3452356,48
shape-10,27.6763322,85.3456270,49
shape-10,27.6767412,85.3461843,50
shape-10,27.6767654,85.3462234,51
shape-10,27.6769231,85.3464783,52
shape-10,27.6774172,85.3472771,53
shape-10,27.6777196,85.3477379,54
shape-10,27.6782390,85.3485297,55
shape-10,27.6784459,85.3490293,56
shape-10,27.6736692,85.3424812,57
shape-10,27.6737617,85.3425079,58
shape-10,27.6736692,85.3424812,59
shape-10,27.6726893,85.3414787,60
shape-10,27.6726893,85.3414787,61
shape-10,27.6726707,85.3414615,62
shape-10,27.6725308,85.3413319,63
shape-10,27.6721632,85.3409779,64
shape-10,27.6717839,85.3405580,65
shape-10,27.6716174,85.3403802,66
shape-10,27.6708885,85.3393592,67
shape-10,27.6703847,85.3383695,68
shape-10,27.6702254,85.3380736,69
shape-10,27.6692828,85.3363249,70
shape-10,27.6682899,85.3344592,71
shape-10,27.6675799,85.3331933,72
shape-10,27.6673272,85.3328379,73
shape-10,27.6671546,85.3326478,74
shape-10,27.6669558,85.3323973,75
shape-10,27.6666661,85.3321608,76
shape-10,27.6666661,85.3321608,77
shape-10,27.6663401,85.3318968,78
shape-10,27.6657656,85.3314239,79
shape-10,27.6645909,85.3304568,80
shape-10,27.6643380,85.3302538,81
shape-10,27.6642208,85.3301515,82
shape-10,27.6642208,85.3301515,83
shape-10,27.6627475,85.3289440,84
shape-10,27.6620193,85.3283470,85
shape-10,27.6612450,85.3277085,86
shape-10,27.6606432,85.3272396,87
shape-10,27.6600702,85.3267275,88
shape-10,27.6597117,85.3262841,89
shape-10,27.6594257,85.3258639,90
shape-10,27.6588419,85.3248749,91
shape-10,27.6587797,85.3247842,92
shape-10,27.6587797,85.3247842,93
shape-10,27.6589325,85.3246282,94
shape-10,27.6591092,85.3244477,95
shape-10,27.6593316,85.3242394,96
shape-10,27.6594558,85.3241826,97
shape-10,27.6597736,85.3241088,98
shape-10,27.6600626,85.3240580,99
shape-10,27.6603484,85.3239885,100
shape-10,27.6615621,85.3237741,101
shape-10,27.6616978,85.3237634,102
shape-10,27.6618422,85.3237723,103
shape-10,27.6619722,85.3238002,104
shape-10,27.6624613,85.3239461,105
shape-10,27.6624613,85.3239461,106
shape-10,27.6630755,85.3241326,107
shape-10,27.6638156,85.3243573,108
shape-10,27.6639400,85.3243682,109
shape-10,27.6640377,85.3243343,110
shape-10,27.6641211,85.3242825,111
shape-10,27.6644749,85.3240029,112
shape-10,27.6644749,85.3240029,113
shape-10,27.6645839,85.3239566,114
shape-10,27.6646857,85.3239474,115
shape-10,27.6648389,85.3239574,116
shape-10,27.6652736,85.3239392,117
shape-10,27.6654038,85.3239128,118
shape-10,27.6655518,85.3238759,119
shape-10,27.6666269,85.3235523,120
shape-10,27.6667475,85.3234781,121
shape-10,27.6668224,85.3233764,122
shape-10,27.6670838,85.3227245,123
shape-10,27.6670920,85.3226443,124
shape-10,27.6670530,85.3225628,125
shape-10,27.6670530,85.3225628,126
shape-10,27.6670739,85.3224634,127
shape-10,27.6671342,85.3223808,128
shape-10,27.6673117,85.3222558,129
shape-10,27.6673117,85.3222558,130
shape-10,27.6682467,85.3216604,131
shape-10,27.6684201,85.3216899,132
shape-10,27.6684201,85.3216899,133
shape-10,27.6693453,85.3220239,134
shape-10,27.6696730,85.3218707,135
shape-10,27.6698630,85.3217724,136
shape-10,27.6700702,85.3216322,137
shape-10,27.6701533,85.3214594,138
shape-10,27.6703649,85.3210347,139
shape-10,27.6704001,85.3209748,140
shape-10,27.6707172,85.3203608,141
shape-10,27.6708396,85.3200979,142
shape-10,27.6708396,85.3200979,143
shape-10,27.6709463,85.3198649,144
shape-10,27.6712315,85.3193537,145
shape-10,27.6713491,85.3191254,146
shape-10,27.6713884,85.3190366,147
shape-10,27.6715036,85.3187640,148
shape-10,27.6716467,85.3184288,149
shape-10,27.6717598,85.3180474,150
shape-10,27.6719797,85.3173157,151
shape-10,27.6720125,85.3171124,152
shape-10,27.6720757,85.3167200,153
shape-10,27.6721760,85.3158847,154
shape-10,27.6722962,85.3153343,155
shape-10,27.6725769,85.3141739,156
shape-10,27.6725769,85.3141739,157
shape-10,27.6725973,85.3140672,158
shape-10,27.6725973,85.3140672,159
shape-10,27.6726424,85.3138620,160
shape-10,27.6726927,85.3137263,161
shape-10,27.6726927,85.3137263,162
shape-10,27.6726934,85.3136313,163
shape-10,27.6727210,85.3135536,164
shape-10,27.6727431,85.3135131,165
shape-10,27.6727431,85.3135131,166
shape-10,27.6727858,85.3134645,167
shape-10,27.6728537,85.3134308,168
shape-10,27.6729283,85.3133989,169
shape-10,27.6729283,85.3133989,170
shape-10,27.6730185,85.3134365,171
shape-10,27.6730722,85.3134892,172
shape-10,27.6731112,85.3135593,173
shape-10,27.6731525,85.3136516,174
shape-10,27.6731525,85.3136516,175
shape-10,27.6731455,85.3136972,176
shape-10,27.6731415,85.3137553,177
shape-10,27.6731415,85.3137553,178
shape-10,27.6732597,85.3139340,179
shape-10,27.6734509,85.3141112,180
shape-10,27.6734509,85.3141112,181
shape-10,27.6735740,85.3141674,182
shape-10,27.6744826,85.3144595,183
shape-10,27.6745916,85.3145253,184
shape-10,27.6746727,85.3146170,185
shape-10,27.6754260,85.3154142,186
shape-10,27.6756749,85.3156152,187
shape-10,27.6758288,85.3156858,188
shape-10,27.6760916,85.3158105,189
shape-10,27.6768977,85.3161451,190
shape-10,27.6771238,85.3162443,191
shape-10,27.6772904,85.3162905,192
shape-10,27.6773578,85.3162897,193
shape-10,27.6774615,85.3162829,194
shape-10,27.6779030,85.3162587,195
shape-10,27.6780946,85.3163291,196
shape-10,27.6780946,85.3163291,197
shape-10,27.6784751,85.3164935,198
shape-10,27.6791064,85.3167581,199
shape-10,27.6795148,85.3169074,200
shape-10,27.6801284,85.3171381,201
shape-10,27.6803523,85.3172305,202
shape-10,27.6804870,85.3172949,203
shape-10,27.6805612,85.3173254,204
shape-10,27.6811427,85.3175698,205
shape-10,27.6819868,85.3179060,206
shape-10,27.6824108,85.3181066,207
shape-10,27.6828971,85.3185056,208
shape-10,27.6831609,85.3186590,209
shape-10,27.6836728,85.3187221,210
shape-10,27.6836728,85.3187221,211
shape-10,27.6844239,85.3186891,212
shape-10,27.6846998,85.3186383,213
shape-10,27.6849628,85.3185363,214
shape-10,27.6851518,85.3184032,215
shape-10,27.6853780,85.3182309,216
shape-10,27.6855933,85.3181062,217
shape-10,27.6855933,85.3181062,218
shape-10,27.6861652,85.3177130,219
shape-10,27.6868488,85.3172480,220
shape-10,27.6868488,85.3172480,221
shape-10,27.6874721,85.3168542,222
shape-10,27.6877317,85.3166504,223
shape-10,27.6877908,85.3165527,224
shape-10,27.6878897,85.3163955,225
shape-10,27.6880045,85.3162481,226
shape-10,27.6880045,85.3162481,227
shape-10,27.6880765,85.3162256,228
shape-10,27.6880765,85.3162256,229
shape-10,27.6883066,85.3161064,230
shape-10,27.6884180,85.3160611,231
shape-10,27.6884879,85.3160651,232
shape-10,27.6885341,85.3160686,233
shape-10,27.6886915,85.3161367,234
shape-10,27.6888331,85.3162234,235
shape-10,27.6889179,85.3163121,236
shape-10,27.6889179,85.3163121,237
shape-10,27.6900182,85.3172446,238
shape-10,27.6900182,85.3172446,239
shape-10,27.6903545,85.3174699,240
shape-10,27.6904771,85.3174929,241
shape-10,27.6904771,85.3174929,242
shape-10,27.6906828,85.3175800,243
shape-10,27.6908436,85.3176210,244
shape-10,27.6910426,85.3176570,245
shape-10,27.6910426,85.3176570,246
shape-10,27.6916119,85.3179399,247
shape-10,27.6917671,85.3180161,248
shape-10,27.6917671,85.3180161,249
shape-10,27.6918726,85.3180622,250
shape-10,27.6922222,85.3182148,251
shape-10,27.6922934,85.3182498,252
shape-10,27.6931394,85.3186652,253
shape-10,27.6934759,85.3188390,254
shape-10,27.6936362,85.3189605,255
shape-10,27.6938576,85.3191139,256
shape-10,27.6941121,85.3193084,257
shape-10,27.6941121,85.3193084,258
shape-10,27.6942727,85.3194502,259
shape-10,27.6942727,85.3194502,260
shape-10,27.6944997,85.3197718,261
shape-10,27.6947577,85.3202267,262
shape-10,27.6947577,85.3202267,263
shape-10,27.6947918,85.3202811,264
shape-10,27.6949047,85.3204654,265
shape-10,27.6949047,85.3204654,266
shape-10,27.6949341,85.3205922,267
shape-10,27.6949388,85.3206709,268
shape-10,27.6949189,85.3207321,269
shape-10,27.6948834,85.3207727,270
shape-10,27.6948377,85.3207809,271
shape-10,27.6947235,85.3207805,272
shape-10,27.6947235,85.3207805,273
shape-10,27.6945009,85.3207644,274
shape-10,27.6945009,85.3207644,275
shape-10,27.6943354,85.3207871,276
shape-10,27.6942055,85.3208148,277
shape-10,27.6942055,85.3208148,278
shape-10,27.6940835,85.3208760,279
shape-10,27.6940159,85.3209300,280
shape-10,27.6940159,85.3209300,281
shape-10,27.6926081,85.3240016,282
shape-10,27.6926081,85.3240016,283
shape-10,27.6917369,85.3257606,284
shape-10,27.6915767,85.3261028,285
shape-10,27.6910004,85.3273334,286
shape-10,27.6906764,85.3279873,287
shape-10,27.6906384,85.3280686,288
shape-10,27.6906384,85.3280686,289
shape-10,27.6903197,85.3287620,290
shape-10,27.6903197,85.3287620,291
shape-10,27.6902060,85.3290122,292
shape-10,27.6901429,85.3291620,293
shape-10,27.6900272,85.3294069,294
shape-10,27.6898537,85.3297648,295
shape-10,27.6897879,85.3299088,296
shape-10,27.6896893,85.3301612,297
shape-10,27.6895513,85.3305546,298
shape-10,27.6894316,85.3309436,299
shape-10,27.6894152,85.3310004,300
shape-10,27.6893201,85.3313663,301
shape-10,27.6892318,85.3316904,302
shape-10,27.6891481,85.3321012,303
shape-10,27.6890609,85.3325159,304
shape-10,27.6889518,85.3330296,305
shape-10,27.6889158,85.3332028,306
shape-10,27.6886578,85.3343958,307
shape-10,27.6885860,85.3346886,308
